f32[4,3,640,360]
f32[4,32,640,360]
f32[4,32,640,360]
f32[4,32,640,360]
f32[4,32,640,360]
f32[4,32,640,360]
f32[4,32,640,360]
f32[4,32,640,360]
f32[4,32,640,360]
f32[4,32,640,360]
f32[4,32,640,360]
f32[4,32,640,360]
f32[4,32,640,360]
f32[4,32,640,360]
f32[4,32,640,360]
f32[4,32,640,360]
f32[4,32,640,360]
f32[4,32,640,360]
f32[4,32,640,360]
f32[4,32,640,360]
f32[4,32,640,360]
f32[4,32,640,360]
f32[4,32,640,360]
f32[4,32,640,360]
f32[4,32,640,360]
f32[4,32,640,360]
f32[4,32,640,360]
f32[4,32,640,360]
f32[4,32,640,360]
f32[4,32,640,360]
f32[4,32,640,360]
f32[4,32,640,360]
f32[4,32,640,360]
f32[4,32,640,360]
f32[4,32,640,360]
f32[4,128,640,360]
f32[4,32,1280,720]
f32[4,32,1280,720]
f32[4,128,1280,720]
f32[4,32,2560,1440]
f32[4,32,2560,1440]
f32[4,32,2560,1440]
f32[4,32,2560,1440]
f32[4,3,2560,1440]
f32[4,3,2560,1440]
f32[4,3,2560,1440]
f32[1,3,5120,2880]
